803 -50
-50 262
796 600
1120 427
368 600
743 -50
764 600
1120 44
121 600
1051 600
1120 498
533 600
-50 38
48 -50
352 -50
-50 265
1120 556
-50 535
-50 546
447 600
581 -50
882 -50
735 -50
51 -50
452 -50
252 600
215 600
-50 145
1120 425
719 600
203 -50
-50 119
384 600
1104 -50
594 600
1120 19
-50 -32
586 600
618 -50
312 -50
436 -50
1120 348
789 600
490 600
1120 461
378 -50
1120 460
-50 286
358 600
49 600
1120 590
-50 -8
-50 9
707 -50
-50 282
528 -50
610 -50
1120 583
1120 334
1120 373
-50 105
198 -50
293 600
-50 508
526 -50
-50 338
461 600
350 -50
1120 206
809 600
-41 -50
579 -50
92 -50
-36 600
-50 154
285 -50
787 -50
545 -50
-50 137
-50 -12
-50 103
249 600
1120 422
-50 386
90 -50
-50 444
517 -50
331 600
601 600
945 600
630 -50
933 600
-50 310
1120 76
481 600
1120 167
77 -50
169 -50
498 -50
1120 345
-50 295
228 600
146 -50
226 -50
1120 183
-50 420
-50 490
185 600
563 600
1048 -50
-50 -49
759 600
1104 600
434 600
493 600
1120 535
1120 369
1120 36
1120 270
525 -50
324 600
858 -50
1079 600
646 -50
-19 -50
282 -50
-50 252
1120 58
-50 452
-50 476
115 -50
120 -50
899 -50
441 600
-50 246
1120 492
373 600
1120 195
315 -50
593 -50
-50 89
258 600
-50 127
1064 600
1120 599
809 -50
1120 190
1120 199
1111 -50
811 -50
1083 -50
1120 127
494 600
576 600
-50 350
1120 307
1120 494
1070 600
1120 561
-50 108
1120 59
1120 -28
208 600
-50 190
-50 47
-50 144
259 -50
-50 236
987 600
191 -50
-50 280
620 -50
1120 510
319 600
462 600
976 600
-50 474
967 600
1103 -50
1119 -50
40 -50
349 600
1120 379
1019 600
788 600
612 -50
207 -50
1106 600
320 600
740 600
-50 177
-50 -5
33 -50
150 600
670 -50
666 -50
1002 600
-50 421
1046 -50
1120 83
967 -50
997 -50
157 600
660 -50
684 -50
-50 33
728 -50
342 -50
449 600
75 -50
123 600
782 600
171 -50
307 -50
-50 361
916 -50
762 600
-50 525
-50 160
-50 551
796 -50
970 -50
-50 201
-50 496
239 -50
166 600
-50 408
614 600
-50 576
476 -50
-50 251
723 600
-50 39
1057 -50
1120 226
1120 282
1120 385
890 600
-50 220
1120 274
1068 -50
1120 43
200 -50
213 600
-50 -29
43 600
25 -50
466 600
-50 4
631 -50
-14 -50
1120 240
1120 164
-50 379
1120 496
375 -50
160 600
723 -50
752 -50
219 -50
-50 148
-50 377
226 600
1120 233
-50 555
1120 264
1120 110
-50 23
512 600
284 -50
-50 302
556 600
-50 263
79 -50
1120 96
412 600
-50 571
1008 600
735 600
877 600
205 600
1120 394
1120 438
-50 322
-50 298
192 600
252 -50
852 600
1120 107
826 -50
122 600
843 -50
1120 84
1036 600
403 -50
1120 283
126 600
1120 384
160 -50
1120 272
-50 75
792 600
6 -50
1120 302
-50 521
1093 600
118 600
-50 36
290 600
771 600
-50 552
756 -50
262 600
-50 594
741 600
980 -50
1120 151
-50 -46
1120 -4
70 -50
1066 600
1120 305
489 -50
-42 600
-50 320
-16 600
1120 428
992 -50
791 600
1120 485
-50 366
-50 597
1120 527
-24 600
416 -50
590 -50
1120 295
1055 600
1004 -50
310 600
-50 34
800 600
240 -50
849 -50
338 -50
682 -50
45 600
410 -50
717 -50
600 600
17 -50
381 600
-50 121
-50 435
447 -50
357 600
766 -50
-50 87
966 600
1120 -10
1120 27
1120 340
149 600
-50 99
-50 187
1120 -6
113 600
675 -50
-50 149
1120 523
327 -50
57 600
1120 536
1120 65
1063 -50
802 600
568 600
1120 548
932 600
-50 512
818 -50
861 600
491 600
1120 356
-50 168
1110 -50
-50 48
-50 306
1088 -50
1120 260
1120 50
-19 600
604 600
650 -50
-50 67
1120 387
1120 588
-50 -45
1120 519
294 -50
1082 -50
1120 146
857 600
-50 81
1004 600
-50 153
1002 -50
-50 479
1120 550
-45 600
161 -50
1069 -50
514 -50
1120 67
1120 366
1120 400
-50 5
761 -50
1120 447
540 600
69 600
1009 -50
-50 558
497 -50
427 600
1108 600
794 -50
975 -50
1120 287
870 -50
1120 402
-50 284
98 600
13 -50
828 -50
1037 -50
811 600
827 -50
821 600
739 600
1024 600
38 600
237 -50
1089 600
457 -50
820 600
1120 541
408 -50
253 600
1067 -50
1118 600
364 -50
337 -50
973 -50
-50 141
691 600
1120 105
1120 470
344 600
52 -50
-3 600
900 -50
823 -50
918 -50
-50 -47
633 -50
1118 -50
-50 367
869 600
959 600
-50 -14
915 600
1054 -50
61 -50
832 -50
905 -50
1120 28
-50 235
-50 216
332 -50
1120 -34
558 600
1120 567
671 -50
-50 393
1010 -50
698 600
95 -50
1089 -50
165 600
-50 560
223 -50
554 -50
1120 445
366 -50
418 600
477 600
-50 194
-50 332
1120 474
797 -50
1120 129
807 600
-50 118
249 -50
780 -50
138 -50
1120 -25
340 600
652 -50
1030 -50
-50 591
1120 331
1026 600
635 600
248 600
716 600
-50 319
583 600
243 -50
-50 396
56 600
-50 61
1035 600
-37 600
727 -50
271 -50
836 600
856 600
1120 214
926 600
-7 600
456 600
1120 364
-50 541
280 -50
856 -50
-50 557
144 -50
135 600
799 600
1120 268
417 -50
644 -50
653 -50
-50 225
-50 518
619 -50
-50 159
1120 231
-50 446
505 600
74 600
1120 -14
1120 589
205 -50
1120 45
397 600
-50 503
1120 5
995 600
1120 229
868 -50
957 -50
333 -50
595 -50
-50 7
753 -50
210 600
975 600
1120 362
246 -50
991 -50
831 600
958 -50
-50 181
1000 -50
183 600
196 600
1025 -50
496 600
765 -50
-50 -38
1120 501
907 600
-50 365
-50 107
228 -50
-50 565
1076 -50
-10 600
1028 600
819 -50
671 600
-50 -41
1120 414
-50 530
1120 453
299 -50
-50 579
927 600
1120 259
1079 -50
159 -50
652 600
1120 493
411 -50
459 600
615 -50
408 600
1120 213
127 -50
174 -50
43 -50
785 600
153 -50
-50 45
591 -50
1120 507
1060 -50
382 600
-50 139
494 -50
218 -50
173 600
187 -50
202 600
1120 -38
705 600
302 -50
718 600
-50 -44
1110 600
88 600
1120 -32
1120 196
782 -50
497 600
1120 228
1120 112
0 600
1120 3
721 -50
1120 424
-9 -50
314 -50
14 -50
438 600
477 -50
-50 -43
932 -50
586 -50
1120 86
597 -50
868 600
12 600
1112 -50
-31 -50
-50 528
931 -50
-50 354
1120 126
368 -50
712 600
925 -50
434 -50
352 600
-50 192
244 -50
1120 116
905 600
71 -50
1049 600
128 600
1120 222
1013 -50
1120 73
-50 385
-50 437
-50 166
-50 545
-50 79
-50 543
-50 276
484 600
488 -50
678 -50
1120 175
509 -50
-26 600
131 600
1120 220
540 -50
46 -50
133 600
1051 -50
1120 252
504 -50
1120 318
542 -50
759 -50
1120 426
614 -50
846 600
240 600
248 -50
784 -50
-50 14
631 600
46 600
-50 554
-50 209
831 -50
672 -50
175 600
189 -50
-50 -6
374 -50
1120 42
568 -50
1120 416
1120 -13
906 -50
1120 497
1003 600
-50 307
155 600
-50 207
635 -50
697 -50
1120 30
1120 571
369 600
1120 21
1081 -50
-50 547
131 -50
1120 279
-50 -30
1120 -47
617 600
1120 415
715 -50
1120 597
58 600
1120 193
439 600
-50 399
876 600
-50 53
382 -50
-50 400
688 -50
-50 86
701 600
479 600
107 600
641 -50
-50 10
-38 -50
1120 505
93 600
-50 352
-50 230
427 -50
591 600
449 -50
506 600
1120 247
923 -50
302 600
1120 575
712 -50
-50 358
292 -50
562 600
105 -50
-50 424
1040 600
326 600
1120 278
363 -50
1120 128
-25 600
539 600
103 -50
-50 536
1120 -44
1120 161
810 600
1120 396
-50 70
1120 564
1120 381
111 600
1120 155
990 -50
82 -50
786 600
768 600
854 600
55 -50
108 600
1043 -50
790 -50
1062 600
438 -50
713 600
275 600
483 600
-50 577
690 600
578 600
858 600
1120 34
207 600
8 -50
196 -50
359 -50
-50 112
287 600
1115 600
851 -50
971 600
178 -50
1120 337
1008 -50
385 600
-50 125
284 600
289 600
451 -50
536 600
415 -50
944 600
901 600
867 -50
218 600
508 600
395 600
-50 355
121 -50
989 600
-50 325
405 600
-50 106
732 -50
-50 538
130 -50
1075 -50
1120 534
810 -50
217 -50
667 600
1120 139
1021 -50
1120 386
800 -50
703 600
375 600
31 -50
906 600
180 -50
-50 425
-21 -50
-50 71
-50 239
920 -50
880 600
697 600
719 -50
130 600
1120 367
-50 213
1120 267
1120 177
216 600
544 -50
639 600
862 -50
-50 311
83 600
1120 542
137 -50
-50 219
891 -50
452 600
296 -50
1120 499
1120 506
1120 397
515 600
510 600
-50 487
711 -50
21 600
220 600
390 -50
-50 369
1017 -50
197 -50
-50 329
41 600
-50 6
944 -50
383 600
1120 320
482 600
474 600
36 -50
1072 -50
464 -50
883 600
898 -50
681 600
-50 353
904 600
327 600
490 -50
-50 357
1120 553
1120 40
1120 185
1120 452
1120 122
637 -50
336 600
1120 9
-50 542
393 600
606 -50
287 -50
311 -50
1120 280
1120 451
174 600
309 600
930 600
-50 464
-50 -27
922 600
1120 291
1120 502
-50 243
376 -50
549 -50
455 -50
268 600
301 600
440 600
1120 191
1120 434
714 -50
34 600
1120 317
132 600
881 600
519 -50
404 600
749 600
917 600
204 600
1120 304
921 -50
-50 221
-50 147
-50 100
1120 540
3 600
927 -50
1120 444
687 600
1120 335
26 600
1101 600
1120 150
657 600
1033 600
656 -50
654 -50
767 -50
487 -50
955 600
88 -50
707 600
935 600
406 600
1120 77
413 600
183 -50
36 600
760 -50
109 -50
1120 587
553 600
835 600
154 -50
202 -50
1120 515
-50 331
478 600
468 600
-50 -33
-50 429
743 600
86 -50
1120 51
108 -50
-50 266
1120 508
525 600
1120 1
577 600
1120 450
1120 188
353 -50
96 600
-50 157
1120 -20
519 600
-50 294
264 600
-50 340
1120 92
1120 211
-50 599
-50 467
-50 12
1120 476
643 -50
1120 217
444 -50
996 -50
-50 495
687 -50
-50 15
-28 600
-50 20
1120 -2
-50 88
195 -50
334 -50
67 -50
1120 294
892 -50
214 -50
272 -50
563 -50
777 600
1120 482
805 600
742 600
1072 600
-50 426
834 -50
530 600
319 -50
551 -50
308 600
465 -50
276 600
71 600
1120 241
152 -50
454 -50
-50 240
559 -50
1048 600
-50 233
1120 -11
1120 201
-50 405
500 600
269 600
1120 48
553 -50
330 600
1120 -50
598 600
516 -50
-50 156
394 600
-50 172
842 600
437 600
964 600
689 600
-50 455
693 600
1120 197
56 -50
176 600
1120 -36
1120 60
839 600
-50 200
23 600
97 -50
1120 140
1120 574
-50 132
-30 -50
291 600
91 -50
-50 66
-50 411
779 -50
1001 600
769 600
-50 129
-50 273
-50 69
969 600
167 -50
602 -50
1120 462
575 -50
1092 -50
323 600
147 -50
104 -50
1096 600
372 600
566 600
947 600
-46 -50
1120 539
415 600
203 600
792 -50
802 -50
-50 84
191 600
-50 261
62 -50
1120 430
1120 -43
-50 188
1120 101
-50 205
-50 291
-50 596
897 -50
1078 600
8 600
-50 253
1120 -29
869 -50
-50 124
699 600
550 -50
166 -50
33 600
1034 -50
310 -50
-50 21
941 -50
-50 416
361 -50
411 600
259 600
1017 600
1120 266
1107 -50
-34 600
745 600
1120 554
1043 600
-50 268
1120 484
556 -50
648 -50
-50 397
1120 120
720 600
182 600
985 -50
371 -50
569 -50
-50 158
-50 587
182 -50
1120 309
1120 370
-50 131
1120 79
981 600
1120 49
278 600
10 600
968 600
799 -50
890 -50
993 -50
1015 -50
-50 392
279 -50
354 600
-33 -50
-50 96
1120 346
1053 -50
1120 93
480 -50
531 -50
1120 357
244 600
-6 600
-50 324
730 -50
788 -50
169 600
961 600
1120 338
1120 -48
168 -50
286 600
-50 264
-50 523
1120 81
564 600
908 600
1120 578
878 600
619 600
38 -50
1011 -50
665 -50
1120 178
830 600
683 600
1090 600
649 600
148 600
634 -50
-50 351
366 600
-50 520
1120 118
11 -50
223 600
-50 171
431 -50
693 -50
-8 -50
895 600
1120 401
934 -50
910 -50
-50 522
-50 175
-50 -37
1120 595
1120 420
992 600
1120 125
-50 598
1120 349
-50 364
53 -50
776 -50
1120 521
233 600
1011 600
256 -50
439 -50
486 600
1120 97
1120 154
185 -50
544 600
612 600
1086 600
833 -50
-50 59
1120 466
874 -50
329 600
959 -50
433 600
1120 248
57 -50
50 600
1080 -50
1042 600
1120 -45
913 -50
1120 -7
1120 103
524 600
372 -50
1102 600
824 -50
-50 228
1044 600
200 600
81 -50
850 600
-50 244
-50 -13
159 600
-50 170
-50 54
5 600
-50 372
514 600
123 -50
318 600
1120 -26
-50 3
999 -50
668 600
1120 491
1120 511
531 600
1120 517
-50 380
781 600
629 600
1035 -50
518 600
851 600
1120 210
65 600
1120 202
475 -50
-50 183
-50 304
742 -50
225 600
-50 165
175 -50
409 -50
658 -50
-50 281
9 600
480 600
1120 223
383 -50
754 600
163 -50
786 -50
-50 234
-50 -16
-50 582
-50 489
230 -50
360 600
136 -50
277 -50
442 600
-50 458
1120 487
667 -50
478 -50
1053 600
1120 328
1120 378
-50 126
818 600
1037 600
770 600
44 -50
547 -50
1097 -50
201 600
1059 600
430 -50
1120 -19
1120 545
-50 17
650 600
1120 546
1120 271
1052 -50
472 600
1120 284
448 -50
296 600
684 600
-50 -3
1120 239
852 -50
365 600
-50 346
1120 390
211 600
-50 -11
-50 436
1038 -50
242 600
192 -50
106 600
523 -50
891 600
704 -50
1120 111
954 -50
1119 600
-50 111
1120 446
825 600
16 -50
211 -50
572 600
353 600
1120 53
14 600
998 -50
896 600
640 -50
1120 520
263 -50
-50 63
-50 382
655 -50
994 -50
616 -50
221 -50
118 -50
1120 500
-50 174
718 -50
-5 600
872 600
1120 544
1120 593
1120 265
162 -50
245 -50
-50 278
775 600
-50 91
1120 104
271 600
801 -50
594 -50
516 600
467 600
-50 337
381 -50
-50 46
758 600
45 -50
617 -50
-50 300
658 600
1120 -33
322 600
648 600
1120 102
1120 596
18 600
655 600
517 600
216 -50
-50 123
1120 221
1120 -41
559 600
421 600
573 -50
176 -50
7 -50
1120 471
491 -50
-50 43
-50 439
642 -50
263 600
722 600
152 600
1120 141
981 -50
738 -50
1120 377
1120 173
938 600
1059 -50
1099 600
456 -50
1120 184
509 600
-50 26
987 -50
1088 600
-50 301
807 -50
1080 600
1120 343
332 600
49 -50
24 -50
419 -50
250 -50
463 -50
678 600
257 -50
1120 374
85 600
937 600
1120 198
-50 50
-50 74
96 -50
814 -50
804 600
1120 478
1120 192
839 -50
398 600
-17 -50
-50 532
-50 277
636 -50
795 -50
-34 -50
956 600
1120 115
390 600
-50 428
-50 349
721 600
351 600
1120 230
1120 269
628 -50
358 -50
-4 -50
1105 600
-50 293
392 -50
184 600
-50 533
848 600
853 -50
-50 580
551 600
1120 581
-50 270
274 600
1120 98
-50 391
-50 55
198 600
-50 32
-50 -17
1087 -50
720 -50
903 -50
546 -50
-50 214
1091 600
-50 275
1120 160
508 -50
778 600
914 -50
213 -50
350 600
1120 8
-50 13
-50 562
101 -50
384 -50
-50 285
492 -50
-50 -26
1120 365
524 -50
542 600
-50 227
597 600
-50 454
1120 322
418 -50
1120 292
1120 368
722 -50
367 -50
47 600
938 -50
387 600
673 600
848 -50
180 600
1120 90
115 600
1120 -35
596 600
305 -50
365 -50
-11 -50
129 -50
873 600
396 -50
402 -50
-50 206
-50 -40
-50 -15
736 600
-50 574
448 600
734 -50
772 600
884 600
1120 275
374 600
611 600
-50 136
708 600
1120 321
896 -50
322 -50
-50 494
928 600
1120 355
911 -50
-50 85
-15 -50
776 600
1120 586
1120 6
-50 445
765 600
-50 80
1047 600
1120 -42
709 600
-50 463
137 600
21 -50
27 -50
445 -50
1001 -50
-50 524
-41 600
1031 -50
441 -50
-50 390
-50 224
492 600
1005 -50
234 600
106 -50
264 -50
187 600
1068 600
985 600
125 600
-50 90
1120 376
1120 159
1120 406
920 600
610 600
-50 231
861 -50
184 -50
260 -50
289 -50
912 -50
1023 -50
82 600
1120 503
600 -50
355 600
-50 312
1073 -50
1120 285
746 -50
-50 326
-50 210
663 -50
-50 491
863 -50
-50 384
-8 600
20 -50
34 -50
1120 91
747 600
1120 225
193 600
696 -50
997 600
778 -50
562 -50
910 600
1020 600
1120 -39
157 -50
879 -50
797 600
1120 22
555 -50
-50 413
952 -50
266 600
-50 417
476 600
951 600
767 600
179 -50
1120 522
424 600
346 -50
242 -50
125 -50
1120 236
582 600
35 -50
-50 509
379 -50
521 600
1120 153
1039 600
894 -50
1120 437
669 600
-50 447
1120 480
-48 600
884 -50
645 -50
-50 24
1120 215
729 600
39 600
124 600
-50 441
-50 102
379 600
963 -50
-50 260
-50 376
-50 73
1099 -50
924 600
745 -50
316 -50
1120 591
-50 179
-50 162
750 -50
751 -50
426 600
-50 60
603 -50
-50 336
860 600
-50 443
-50 288
1120 52
340 -50
396 600
883 -50
247 600
770 -50
-50 283
795 600
953 -50
1007 600
875 -50
462 -50
623 -50
1120 137
116 -50
328 -50
-50 450
701 -50
288 600
67 600
-50 347
1039 -50
1074 -50
285 600
946 600
845 600
251 600
140 -50
522 -50
273 -50
841 600
947 -50
749 -50
-50 254
328 600
545 600
1108 -50
-50 77
79 600
529 -50
386 600
1120 145
189 600
803 600
102 600
837 600
66 600
145 -50
1116 -50
90 600
-50 62
837 -50
1120 168
172 600
362 -50
1120 421
311 600
50 -50
774 -50
1120 475
847 -50
60 600
646 600
530 -50
232 -50
501 600
577 -50
-50 519
-50 529
1120 330
1120 20
1120 398
-50 117
1120 382
-50 167
-40 600
664 -50
1084 600
622 -50
-50 316
584 600
-50 553
-50 109
-50 514
1120 235
124 -50
-50 287
217 600
-50 52
53 600
471 600
-35 600
-50 402
294 600
1120 483
-50 328
-23 -50
639 -50
308 -50
-50 471
94 -50
238 -50
-44 600
510 -50
444 600
1095 600
871 -50
1120 354
145 600
-50 315
647 -50
727 600
68 600
399 -50
527 600
686 -50
504 600
-50 313
1090 -50
1120 180
1117 -50
520 600
1120 254
460 600
142 600
945 -50
459 -50
1120 109
834 600
-50 25
855 -50
627 600
596 -50
-23 600
1120 75
224 -50
1120 467
1054 600
554 600
692 -50
1120 -17
134 600
879 600
1014 600
-50 323
1073 600
830 -50
616 600
429 -50
630 600
-50 515
983 600
-50 30
691 -50
-50 2
842 -50
859 600
233 -50
-50 203
313 -50
295 600
-50 389
498 600
1120 360
1120 585
1120 352
1120 4
-50 -31
1120 332
74 -50
1014 -50
364 600
1096 -50
1120 569
-50 198
-50 -19
-50 333
1120 244
100 -50
623 600
1120 472
988 -50
571 -50
-50 335
-50 485
1120 -22
1120 -18
443 600
317 600
768 -50
881 -50
958 600
609 600
279 600
52 600
-50 559
-15 600
-50 113
1020 -50
254 600
812 -50
943 600
1007 -50
680 600
-50 -9
362 600
845 -50
1120 238
866 -50
-50 242
677 -50
-50 -39
446 -50
1120 516
672 600
-50 595
-50 250
758 -50
676 -50
677 600
1066 -50
659 600
560 600
567 600
486 -50
142 -50
813 600
1120 69
424 -50
1065 -50
679 600
493 -50
286 -50
-50 505
657 -50
822 -50
420 600
942 600
346 600
-38 600
1098 600
789 -50
-50 215
918 600
391 -50
-50 502
507 600
-9 600
-50 539
112 -50
752 600
-50 477
922 -50
889 600
541 600
637 600
-50 540
638 -50
473 600
-49 -50
357 -50
1120 301
588 600
1120 454
894 600
-50 462
420 -50
585 600
546 600
114 600
1120 -1
1120 490
388 -50
1120 147
-50 568
536 -50
164 600
1032 -50
342 600
1098 -50
1120 431
-50 193
-50 41
1120 528
-50 104
220 -50
250 600
665 600
-50 442
1045 -50
821 -50
915 -50
863 600
651 -50
-50 572
-50 395
143 600
1120 172
1120 257
-50 341
116 600
838 -50
-50 133
1120 457
1085 -50
297 600
-50 -42
18 -50
1120 459
1086 -50
98 -50
840 600
501 -50
419 600
1120 174
398 -50
859 -50
1120 310
729 -50
1120 530
977 600
288 -50
-50 592
-50 507
552 -50
275 -50
373 -50
360 -50
746 600
83 -50
338 600
127 600
306 -50
500 -50
1120 74
28 -50
608 600
1120 14
-50 343
0 -50
1083 600
-50 212
1120 333
1097 600
-36 -50
-50 182
134 -50
-2 600
-26 -50
1056 600
474 -50
-50 401
1120 417
1120 95
-50 457
-50 378
946 -50
988 600
1120 99
-50 589
466 -50
873 -50
1120 134
293 -50
401 600
1120 469
972 -50
377 -50
1120 33
1120 70
237 600
692 600
37 -50
626 600
1094 -50
694 -50
1120 529
23 -50
715 600
621 -50
791 -50
1120 46
1120 62
-13 -50
962 -50
986 -50
1105 -50
1120 25
955 -50
1060 600
532 -50
1120 29
-50 248
978 -50
1057 600
560 -50
1120 339
1103 600
685 -50
651 600
-50 115
1100 -50
1120 525
178 600
1120 570
1120 31
1120 405
-50 -28
1120 372
1120 158
686 600
1120 440
-50 64
1120 224
503 -50
1120 392
1006 600
1120 276
266 -50
-50 387
9 -50
1120 513
661 -50
-50 -21
-50 122
1045 600
-50 249
141 -50
76 -50
190 600
1120 433
1120 200
917 -50
1120 347
28 600
1120 15
626 -50
463 600
1120 218
1120 138
-50 114
962 600
-50 544
4 -50
-50 44
254 -50
367 600
-50 317
280 600
1062 -50
1120 132
1018 -50
515 -50
393 -50
-50 241
110 600
1120 468
-50 -36
465 600
-50 527
779 600
268 -50
64 -50
964 -50
61 600
392 600
-50 388
892 600
865 -50
1077 -50
1120 558
-50 534
-50 410
-18 600
102 -50
1120 363
92 600
-50 469
1112 600
1120 169
89 -50
1012 -50
-42 -50
-50 569
698 -50
135 -50
-50 501
1120 481
-50 180
1120 -27
1022 -50
144 600
30 600
305 600
63 600
1120 163
339 -50
751 600
231 600
572 -50
552 600
35 600
503 600
-50 473
853 600
854 -50
42 600
1120 37
589 600
583 -50
734 600
916 600
1120 131
1120 518
-50 481
777 -50
674 600
893 600
-50 370
679 -50
633 600
1120 72
1120 32
341 -50
1120 423
-50 472
532 600
78 600
860 -50
1120 263
-50 359
603 600
139 600
505 -50
1000 600
625 600
1120 568
-50 -25
128 -50
238 600
103 600
1120 526
662 600
1120 512
1120 114
212 600
464 600
190 -50
32 600
1120 442
1120 258
601 -50
1120 170
470 -50
-50 305
846 -50
-50 120
1040 -50
99 600
708 -50
-50 588
-50 95
278 -50
1120 303
315 600
484 -50
991 600
101 600
1120 495
-50 259
298 -50
-40 -50
51 600
1120 600
1071 600
1120 148
669 -50
-50 583
682 600
445 600
634 600
299 600
1120 559
151 600
1065 600
295 -50
306 600
998 600
867 600
585 -50
1120 -49
1120 246
1120 -21
823 600
-50 440
1120 375
710 -50
11 600
204 -50
966 -50
-50 35
1120 560
126 -50
1120 186
787 600
-50 427
-50 169
-50 578
273 600
829 600
-1 600
886 -50
-45 -50
407 -50
297 -50
-50 363
-50 130
313 600
912 600
996 600
662 -50
1120 443
423 -50
324 -50
1120 209
-50 184
581 600
473 -50
-50 42
-50 470
440 -50
607 -50
-50 381
893 -50
227 -50
1094 600
968 -50
406 -50
841 -50
919 600
378 600
766 600
-50 176
119 -50
1120 251
907 -50
361 600
155 -50
1120 179
978 600
201 -50
1041 -50
1120 39
1120 473
-50 566
-50 570
972 600
547 600
450 600
901 -50
41 -50
1120 290
762 -50
27 600
337 600
984 -50
68 -50
-50 8
903 600
1120 477
-50 360
-50 163
502 -50
-50 -23
-50 600
257 600
325 600
489 600
704 600
261 600
-50 146
258 -50
826 600
1120 297
426 -50
1063 600
1120 157
255 -50
589 -50
290 -50
940 -50
1120 176
1101 -50
1120 395
1023 600
146 600
534 600
1006 -50
565 600
714 600
-50 -4
925 600
389 600
740 -50
576 -50
-50 433
952 600
251 -50
1058 600
793 -50
1120 441
-50 342
-50 202
1120 514
-47 600
4 600
592 -50
724 600
814 600
385 -50
695 600
1026 -50
886 600
403 600
443 -50
1120 142
-39 600
-50 374
-50 28
111 -50
1015 600
-50 204
1120 85
1120 286
908 -50
181 -50
636 600
804 -50
261 -50
733 -50
215 -50
1120 479
1120 562
755 600
1120 439
428 -50
1018 600
318 -50
754 -50
625 -50
-22 -50
877 -50
755 -50
929 600
582 -50
-32 -50
417 600
267 600
435 -50
291 -50
1120 509
865 600
805 -50
410 600
534 -50
270 -50
974 -50
-50 362
235 600
348 -50
511 -50
-50 549
195 600
1075 600
836 -50
606 600
605 -50
520 -50
-50 593
748 600
-50 138
-50 468
775 -50
304 600
611 -50
773 600
725 600
1036 -50
3 -50
1120 409
37 600
298 600
1120 594
885 600
-50 394
990 600
1120 -24
-50 419
371 600
335 600
-6 -50
177 600
496 -50
1120 82
573 600
1109 600
949 -50
1120 232
-50 423
1120 149
817 -50
253 -50
-50 185
993 600
-50 406
521 -50
-50 492
446 600
181 600
317 -50
13 600
579 600
548 -50
887 600
983 -50
1120 2
339 600
609 -50
1120 410
1120 551
1120 212
-50 -10
855 600
1013 600
80 600
432 -50
-50 297
147 600
1047 -50
1120 -9
-50 504
502 600
-50 155
607 600
391 600
76 600
138 600
1120 16
1120 0
895 -50
943 -50
1120 565
744 -50
-50 245
-2 -50
1120 543
-50 368
246 600
926 -50
1120 429
-50 93
689 -50
624 600
-50 375
1113 600
700 -50
-50 409
829 -50
-50 51
94 600
-50 432
939 600
878 -50
-49 600
-50 499
32 -50
1120 56
206 -50
953 600
1120 598
620 600
726 -50
-50 -48
-50 573
-50 173
-50 72
1120 464
1120 383
1010 600
-50 195
1120 582
773 -50
702 600
-50 407
629 -50
1120 121
899 600
-50 434
935 -50
-50 217
1071 -50
475 600
1077 600
934 600
870 600
739 -50
-50 466
1120 38
58 -50
7 600
442 -50
833 600
1120 315
1050 600
1120 35
1120 350
487 600
1120 55
-50 398
29 600
387 -50
-50 498
942 -50
-50 497
764 -50
-50 581
483 -50
506 -50
-50 415
-50 222
590 600
1069 600
1120 341
-50 493
1120 136
-50 76
1082 600
963 600
345 600
921 600
1076 600
1120 504
1120 135
936 600
654 600
224 600
-50 22
437 -50
87 600
1120 189
-14 600
1087 600
276 -50
1120 573
450 -50
537 -50
909 -50
1120 342
649 -50
824 600
1055 -50
1120 204
114 -50
1120 143
-50 327
84 600
-29 600
1120 24
-50 414
864 600
902 600
412 -50
930 -50
-50 256
949 600
404 -50
1120 532
522 600
380 600
982 -50
239 600
270 600
22 -50
1120 358
265 600
1120 557
170 -50
388 600
370 600
676 600
599 600
538 -50
425 600
1114 -50
960 600
1032 600
618 600
-50 78
838 600
99 -50
1120 419
731 -50
54 600
523 600
-50 475
1120 68
-43 -50
-39 -50
1067 600
416 600
-50 438
-5 -50
1120 313
1120 563
1120 123
212 -50
344 -50
234 -50
1120 117
1120 404
2 600
469 -50
89 600
-32 600
229 -50
613 -50
1120 576
1120 316
784 600
736 -50
1111 600
785 -50
409 600
54 -50
179 600
-50 356
1027 -50
-50 143
-50 531
65 -50
1120 273
713 -50
-50 152
-50 299
161 600
219 600
681 -50
-50 -35
19 -50
1120 234
-50 267
241 -50
-50 151
815 -50
1120 391
-50 19
-50 590
875 600
-50 303
965 -50
1029 600
-28 -50
668 -50
1024 -50
230 600
1085 600
924 -50
-50 178
1 600
666 600
1120 325
105 600
-50 556
55 600
104 600
1120 449
1120 579
-50 510
812 600
87 -50
1115 -50
141 600
543 -50
-48 -50
-50 135
1120 80
888 600
780 600
-27 -50
-13 600
15 600
-31 600
-50 -24
757 600
1120 187
453 600
40 600
696 600
-50 269
1120 18
12 -50
1120 281
325 -50
1120 26
919 -50
580 600
206 600
948 600
-1 -50
555 600
660 600
188 600
747 -50
355 -50
471 -50
1120 432
351 -50
1120 216
-50 461
386 -50
557 -50
1120 11
-50 223
642 600
1031 600
488 600
527 -50
-50 314
429 600
801 600
119 600
656 600
122 -50
329 -50
624 -50
156 600
-50 486
828 600
933 -50
5 -50
314 600
798 600
-50 68
673 -50
847 600
1120 577
-50 586
1120 533
1016 600
783 600
705 -50
-50 140
377 600
816 600
564 -50
979 600
529 600
-50 65
-50 403
369 -50
-50 516
19 600
774 600
47 -50
433 -50
1120 255
849 600
980 600
914 600
-21 600
1120 171
25 600
400 -50
-50 460
512 -50
-50 430
1120 242
889 -50
-50 186
937 -50
414 600
-50 196
-50 484
-50 161
59 600
399 600
659 -50
-50 98
485 -50
533 -50
1120 489
1120 359
1120 47
733 600
133 -50
423 600
1120 300
149 -50
653 600
1120 87
1120 207
1120 119
690 -50
470 600
1019 -50
455 600
428 600
1120 537
-50 150
292 600
-50 459
561 600
675 600
1120 351
909 600
1027 600
1012 600
-50 318
-50 292
-50 561
225 -50
1116 600
844 600
1114 600
587 600
1120 -46
1100 600
-50 563
543 600
214 600
335 -50
1120 393
557 600
539 -50
763 -50
1049 -50
42 -50
209 -50
354 -50
331 -50
247 -50
898 600
699 -50
347 -50
20 600
243 600
1120 277
941 600
274 -50
1120 61
199 600
312 600
760 600
-50 371
725 -50
48 600
6 600
1120 531
771 -50
-50 164
957 600
763 600
-50 218
738 600
732 600
1120 486
769 -50
1120 165
726 600
1120 298
548 600
1120 524
1120 336
694 600
1120 458
24 600
960 -50
1120 130
-50 465
885 -50
158 -50
1120 261
236 600
29 -50
538 600
-50 37
1120 -30
495 600
309 -50
574 -50
728 600
1120 -8
-50 517
321 -50
255 600
731 600
840 -50
80 -50
1120 245
265 -50
1120 -37
402 600
561 -50
608 -50
872 -50
1084 -50
376 600
989 -50
-50 -50
85 -50
64 600
39 -50
549 600
1061 -50
1016 -50
864 -50
929 -50
472 -50
356 600
303 -50
-50 49
1120 435
17 600
389 -50
1120 133
334 600
-50 197
1120 250
-50 40
-20 -50
1120 23
1120 253
599 -50
948 -50
1030 600
1120 327
1120 100
632 -50
709 -50
395 -50
-50 238
1120 389
397 -50
-37 -50
-44 -50
513 600
30 -50
827 600
-50 418
100 600
-50 237
-50 383
59 -50
341 600
584 -50
165 -50
95 600
950 600
772 -50
282 600
808 600
850 -50
757 -50
-20 600
-50 142
170 600
-46 600
222 600
825 -50
1120 538
457 600
348 600
979 -50
1120 -40
1120 418
73 600
359 600
-50 344
1046 600
-50 83
781 -50
-50 564
627 -50
794 600
965 600
167 600
976 -50
-50 31
453 -50
91 600
164 -50
1120 289
874 600
421 -50
982 600
835 -50
535 600
1120 57
-50 191
303 600
140 600
148 -50
-50 478
-50 128
326 -50
245 600
857 -50
1120 166
1120 584
1050 -50
60 -50
724 -50
640 600
72 -50
139 -50
1120 312
1120 108
1120 -16
199 -50
621 600
-50 -20
1070 -50
277 600
939 -50
-50 92
97 600
241 600
-50 480
643 600
75 600
495 -50
323 -50
984 600
1106 -50
435 600
1022 600
330 -50
1120 329
-50 506
1005 600
-50 208
499 600
-50 -18
235 -50
1120 552
632 600
1120 592
748 -50
911 600
86 600
-50 482
-3 -50
913 600
-50 334
900 600
1120 88
541 -50
481 -50
1081 600
1120 380
-24 -50
-50 422
1120 299
1120 124
1120 326
1120 262
593 600
454 600
-50 453
974 600
162 600
-50 57
695 -50
-50 94
-50 211
664 600
1061 600
1120 549
109 600
1120 319
598 -50
1120 7
-25 -50
-30 600
320 -50
977 -50
613 600
902 -50
999 600
407 600
843 600
1120 -31
1033 -50
737 600
81 600
1025 600
-10 -50
969 -50
1058 -50
1120 311
163 600
815 600
535 -50
236 -50
-50 348
400 600
316 600
499 -50
507 -50
604 -50
1120 407
880 -50
518 -50
186 600
72 600
-4 600
177 -50
876 -50
1120 306
-7 -50
571 600
730 600
956 -50
380 -50
16 600
887 -50
-50 16
1120 555
15 -50
77 600
222 -50
844 -50
971 -50
688 600
-50 229
756 600
928 -50
347 600
307 600
436 600
345 -50
-50 27
-50 272
711 600
283 -50
822 600
680 -50
1120 388
-29 -50
-18 -50
806 -50
231 -50
882 600
461 -50
1 -50
1120 314
-50 537
706 600
567 -50
1095 -50
1120 181
622 600
172 -50
107 -50
702 -50
663 600
570 -50
550 600
110 -50
210 -50
674 -50
595 600
-11 600
1003 -50
819 600
1120 256
1120 411
973 600
1021 600
-50 11
1120 -5
431 600
995 -50
1120 12
413 -50
753 600
-50 82
-50 321
-50 404
349 -50
-50 -34
281 -50
569 600
1120 324
458 -50
1107 600
1120 344
832 600
262 -50
817 600
-17 600
430 600
136 600
1120 219
1120 448
229 600
587 -50
173 -50
-35 -50
26 -50
1120 17
-50 550
1092 600
638 600
93 -50
117 600
227 600
741 -50
1120 194
-50 -1
737 -50
-50 289
994 600
-27 600
574 600
-50 308
281 600
-12 -50
193 -50
482 -50
-50 526
304 -50
-50 134
300 600
1120 403
1120 10
961 -50
356 -50
1120 78
816 -50
798 -50
1120 152
1120 71
588 -50
401 -50
685 600
150 -50
615 600
63 -50
592 600
1120 580
154 600
670 600
62 600
820 -50
1120 547
186 -50
-50 451
-50 232
1120 13
628 600
1091 -50
194 -50
208 -50
22 600
-50 110
-50 58
1120 227
-50 449
78 -50
1120 308
1120 296
343 600
156 -50
2 -50
66 -50
575 600
1120 63
321 600
641 600
1120 243
1120 371
370 -50
197 600
69 -50
-50 483
923 600
422 -50
-50 567
188 -50
1120 455
-50 101
232 600
1120 465
940 600
260 600
1120 361
112 600
1028 -50
485 600
-50 585
-50 56
-50 18
1034 600
580 -50
888 -50
1120 156
-50 271
645 600
1052 600
866 600
862 600
1120 64
1120 94
511 600
-50 255
1120 249
1044 -50
1120 412
-50 339
300 -50
528 600
31 600
-50 456
-50 448
451 600
469 600
-50 226
986 600
871 600
1009 600
1038 600
1120 323
343 -50
425 -50
1120 408
710 600
-50 29
1120 572
414 -50
750 600
1109 -50
-50 290
1120 66
-50 0
1120 456
537 600
283 600
363 600
171 600
526 600
-50 309
336 -50
151 -50
-50 488
1120 488
1120 113
-50 296
783 -50
1120 208
951 -50
1120 162
132 -50
1120 54
-50 330
793 600
1041 600
-33 600
153 600
1120 182
-50 199
1120 106
84 -50
1120 413
117 -50
-50 -22
-50 116
158 600
806 600
-16 -50
468 -50
931 600
1120 566
1120 -12
458 600
269 -50
272 600
1120 203
-50 575
405 -50
1120 237
168 600
73 -50
1120 -3
479 -50
1064 -50
1120 144
221 600
1113 -50
394 -50
-50 584
570 600
267 -50
-50 500
565 -50
1120 293
-50 189
558 -50
1120 288
1093 -50
1120 205
-50 258
897 600
-22 600
813 -50
647 600
-50 257
1120 463
256 600
-50 -2
-50 511
566 -50
-50 279
644 600
602 600
460 -50
301 -50
422 600
683 -50
-50 345
1074 600
808 -50
578 -50
1120 89
-50 1
761 600
70 600
716 -50
-50 412
1102 -50
1078 -50
44 600
717 600
1120 353
950 -50
194 600
143 -50
1120 -15
333 600
-50 431
120 600
970 600
-50 97
-50 513
1117 600
-50 548
-50 247
1029 -50
703 -50
706 -50
-50 274
1120 436
-47 -50
129 600
-12 600
1120 -23
790 600
744 600
1042 -50
661 600
954 600
113 -50
467 -50
-43 600
-50 -7
10 -50
904 -50
1120 399
605 600
432 600
700 600
209 600
513 -50
1056 -50
936 -50
-50 373
1120 41
